$ANSIBLE_VAULT;1.1;AES256
63393539353762626262643731393138623434343632366332613636316539623831346265353530
6166646434353936386361633634633964623132653935660a306164653663313134656563663761
38656538656264306565633861393338333864333461393536633634643832623764376231363437
3963376232316230640a393730633632323931336332356332623164396239323336343865343338
39326138653638653539326338346434353863383066623930326431653161393939326437666464
37376661313539333933343665613535356535363639616233343637383631386234336666363066
37323135653632303964613361373434623661353238326264396639343561623665373337343464
64343662303264633931653431333430306331303063313433323763396239383833336665303534
31643664363830343230333061343865386634386536636339393865366533343932623561333261
32306538666534663266633233626166336536623535336666333538653635653936353436323131
64383165323937666137643564646533323432356430303463373030333133313963666532396462
39623964353731663637366563623735386663383536393366373561353166313735306336653039
39333064363366633765386562393165346632313761393838393666616634643732303534323435
62643661366337376632323061373866343235613933323663326565346631393235663836316237
38363134373133613034616234623063376262353931663063303637663934626232663736663764
64616261346336623165636163356636666663636465643964323762653961333037656535316132
36306530326264383437343161633432326131363961343335643163613738653136343934346661
30326263643439616264356133313231396336646434376564393739366230653038383134373339
66356439343435336334623134643231393065653666653666333661663965323230313733363739
66393965393936646130333566313766336432373236346237393030363861323166643832623538
38303434353333666461643865646437333565663766343638396237633663346139336262393364
31333535633665643233396261656361633531316532353830646335646635643562303137363861
62363762373237626433643634383139336366666462306637316331316262393030353434333232
36623537656336626438353661623163313433646535326237666463663862663163346431656366
65663963353166656538343532656239613937666534316234383965323539623831353466333263
39386432313632616665373139363163616534393833613637316236306662643634363466326664
35383465636661323066393038646537343137393534636536353863336539303836303963613032
32333236613163356637626436396532336662396363623766633162386365633938616365626663
3539
