$ANSIBLE_VAULT;1.1;AES256
64666365653331613935663866313337666630333339623866653232323038303539316137643565
3361643034616363386163353562383165653537303039340a623331366339373062333931333635
32323363343862303435666163616166303865616331613664366438313334653635656464633663
3761623162626130620a633435613434393532356166346438616433666164343439663364653538
38613466613039353036633137323335616234326466613035333566643631626533626538313034
65336163636562613236353333306133646337613561383230386531623337663766393035303464
38353138346166626439303561656338356339333563663166313735653130646137303132626439
38386137306135636635343833303939633166343634316663333064343831663561653234383361
38323263306638656434656137663233666234633132393432663961656461336161613835663733
34313039643133373339313065353464333839336534376163376236383461303931346166306134
64636234656339353266356632623862666136306333363737353930363933323939363137633830
62373839313533346661613764356436613439336163616165316638383063346562383661663031
66633231346637313731336639366631633465383831373533353930386165313439653136323063
65333633376262366532303364303365353039636664353730643864663830313932356265343436
31623966386165363635613465306534613165613266613363356164396564666539333134653635
61663039333330323462636230343035643263373532646232376432353831663435663532333463
63623138396135613033633232346262353932313730646265373931653335363538636231326430
36323363323036633961323237643735643732656264623266343737376363383835653362646637
30626631613863346139623331616464643962633063623935323932626536326136376135626633
38636539376636316637656166366336366537363863376536303362643436366637356330633135
63613335653161633266313663383361623161623561653661636366363439616633323662373936
37366563393463653131646230323434323665626231613461663833666130633432623132353330
38643430373733303962653438303730303062306564373361643965376334613561393565383166
37383631613932663564383232666537633261643535326337633661643163313530366332373261
64646365366237636162306136343634633962346666366331383763623335306231323932383935
63643139646665383232316437343437393863336666383130353139613033346338353431313036
32313261363665663863646233353834633238366237363239646339623365623061616635333032
35383165626363663630313666323561393434383565363035343433636461316336376463326638
66396365386231386133346333666436653134613638643536376362316238303532663865306161
33636466353637623165313238386465613734313838633664613735666564303838626630666338
31613963393539366362613037623164393437306530613237656238636337323431303664323733
65656166636239663235313138373331376437323566616662656138373430643365303532633163
39393064366661666537313364653963383135643530323932633534326636626536393032303163
39303132383537356532353562346430366336373234313032343165393839643966376236623133
65346230623935626137633334343038653938306530393330306663623235633837643435366338
31313561363630353161653031613139646161616439396531353434613362363335393038323762
34383139613031393833626230303134303161663966666337633764356236346263336266303262
30666232323534666332663332383434373861306339313862366338336332333635663634363530
663933623437396131613136353135666162